1.650188922882080078e+00
1.443181157112121582e+00
1.362095355987548828e+00
1.296454787254333496e+00
9.172320365905761719e-01
9.223713874816894531e-01
8.008037805557250977e-01
7.804722785949707031e-01
8.846920728683471680e-01
5.580627918243408203e-01
7.871273159980773926e-01
6.240699291229248047e-01
6.252989172935485840e-01
6.670724749565124512e-01
6.350451707839965820e-01
5.300737023353576660e-01
5.394299030303955078e-01
5.115514993667602539e-01
6.937819123268127441e-01
5.330412387847900391e-01
7.078402638435363770e-01
5.356038808822631836e-01
5.863187909126281738e-01
4.979631006717681885e-01
5.313768386840820312e-01
4.756769537925720215e-01
5.549468398094177246e-01
5.510709881782531738e-01
5.179372429847717285e-01
4.347219765186309814e-01
5.754258632659912109e-01
5.081265568733215332e-01
4.195952117443084717e-01
4.073100984096527100e-01
3.466995358467102051e-01
4.240449070930480957e-01
5.079455971717834473e-01
3.878432512283325195e-01
3.325495421886444092e-01
4.111100733280181885e-01
3.430106341838836670e-01
3.501308560371398926e-01
3.561497628688812256e-01
4.711624979972839355e-01
4.910410046577453613e-01
3.177763223648071289e-01
3.634856343269348145e-01
5.648311376571655273e-01
3.887284100055694580e-01
5.163966417312622070e-01
4.348725378513336182e-01
4.480227530002593994e-01
3.659486472606658936e-01
5.005589127540588379e-01
3.138677775859832764e-01
4.823558330535888672e-01
2.835414111614227295e-01
4.675207138061523438e-01
2.906890213489532471e-01
4.411793053150177002e-01
3.293362557888031006e-01
4.806849360466003418e-01
3.308844268321990967e-01
3.591479361057281494e-01
3.694160580635070801e-01
3.287809789180755615e-01
3.544114232063293457e-01
4.054099917411804199e-01
3.476923108100891113e-01
3.450953364372253418e-01
4.037148952484130859e-01
2.668892145156860352e-01
3.363182544708251953e-01
4.247598648071289062e-01
4.415925145149230957e-01
4.582827389240264893e-01
3.597353994846343994e-01
4.313222467899322510e-01
4.124096632003784180e-01
2.425444573163986206e-01
3.093514442443847656e-01
3.679081797599792480e-01
3.557987511157989502e-01
3.896779716014862061e-01
2.765927016735076904e-01
4.486424922943115234e-01
3.513085246086120605e-01
3.908394277095794678e-01
3.827557861804962158e-01
3.788039684295654297e-01
3.549479544162750244e-01
4.647256731986999512e-01
3.701446056365966797e-01
3.385570049285888672e-01
2.635124027729034424e-01
3.203064799308776855e-01
2.682395875453948975e-01
3.088340759277343750e-01
2.032579928636550903e-01
4.382627904415130615e-01
2.246388643980026245e-01
3.462987244129180908e-01
5.061722993850708008e-01
2.673265933990478516e-01
3.830473721027374268e-01
3.928722143173217773e-01
5.233660936355590820e-01
4.363805651664733887e-01
3.560148477554321289e-01
3.836514651775360107e-01
3.577661514282226562e-01
2.340371012687683105e-01
3.691087067127227783e-01
2.477566301822662354e-01
3.799939751625061035e-01
3.615214526653289795e-01
2.743017077445983887e-01
4.512337446212768555e-01
3.176747262477874756e-01
3.396109342575073242e-01
3.390584588050842285e-01
4.049089848995208740e-01
3.266487121582031250e-01
2.634104490280151367e-01
3.383347392082214355e-01
2.725020051002502441e-01
2.679608464241027832e-01
3.414860665798187256e-01
4.091806709766387939e-01
3.410463035106658936e-01
2.796576321125030518e-01
3.411729037761688232e-01
3.630093336105346680e-01
3.510838747024536133e-01
3.864322006702423096e-01
2.483468800783157349e-01
4.286045432090759277e-01
3.142084181308746338e-01
2.334162592887878418e-01
2.857876121997833252e-01
3.671056032180786133e-01
2.747813463211059570e-01
3.303302526473999023e-01
4.237536489963531494e-01
3.630981147289276123e-01
3.598056435585021973e-01
2.517774701118469238e-01
3.392667770385742188e-01
3.499185144901275635e-01
3.370859026908874512e-01
4.179521501064300537e-01
2.618095278739929199e-01
4.358050823211669922e-01
3.625143766403198242e-01
3.309574127197265625e-01
2.871685922145843506e-01
4.270945489406585693e-01
3.257789611816406250e-01
3.776320219039916992e-01
2.998534142971038818e-01
2.178225964307785034e-01
2.587436437606811523e-01
3.528962731361389160e-01
2.722433209419250488e-01
4.726883172988891602e-01
3.398833572864532471e-01
3.984245359897613525e-01
2.138455063104629517e-01
2.762926220893859863e-01
4.364499747753143311e-01
3.020057380199432373e-01
2.912096083164215088e-01
2.915722727775573730e-01
2.711073160171508789e-01
4.829294085502624512e-01
5.069083571434020996e-01
3.613866865634918213e-01
3.030872941017150879e-01
2.625619471073150635e-01
3.041768372058868408e-01
4.141492545604705811e-01
3.518359363079071045e-01
3.257271647453308105e-01
3.605901300907135010e-01
2.806151211261749268e-01
2.390974462032318115e-01
2.624606490135192871e-01
4.401373565196990967e-01
2.246563881635665894e-01
2.994947135448455811e-01
3.311924636363983154e-01
2.942345440387725830e-01
3.964876234531402588e-01
3.685685992240905762e-01
2.288659214973449707e-01
2.337701022624969482e-01
3.332583308219909668e-01
3.296239972114562988e-01
2.170833647251129150e-01
2.211454212665557861e-01
