6.466888904571533203e+00
4.572431564331054688e+00
2.255294561386108398e+00
1.909258008003234863e+00
1.814449787139892578e+00
1.705205440521240234e+00
1.528422355651855469e+00
1.569123268127441406e+00
1.627789020538330078e+00
1.545516252517700195e+00
1.306665182113647461e+00
1.230915546417236328e+00
1.039735674858093262e+00
1.064860343933105469e+00
9.633218646049499512e-01
9.818456768989562988e-01
8.829416036605834961e-01
9.548345208168029785e-01
7.454806566238403320e-01
6.302099823951721191e-01
8.216295838356018066e-01
9.778196215629577637e-01
7.735222578048706055e-01
5.341967344284057617e-01
5.017507672309875488e-01
6.003973484039306641e-01
8.405101299285888672e-01
6.092417240142822266e-01
6.048429608345031738e-01
6.609467864036560059e-01
5.269858837127685547e-01
5.957983732223510742e-01
6.894218325614929199e-01
4.895740151405334473e-01
4.154005944728851318e-01
6.169243454933166504e-01
7.630741596221923828e-01
4.212270081043243408e-01
4.507242143154144287e-01
5.179223418235778809e-01
4.068469703197479248e-01
4.627316296100616455e-01
3.519586920738220215e-01
5.526099801063537598e-01
4.072498381137847900e-01
4.592291116714477539e-01
3.414649963378906250e-01
3.190495967864990234e-01
3.642237186431884766e-01
4.148359298706054688e-01
2.605907917022705078e-01
2.261957675218582153e-01
3.557060360908508301e-01
3.298696577548980713e-01
3.151583075523376465e-01
4.048930108547210693e-01
3.089328408241271973e-01
2.837400436401367188e-01
2.290515750646591187e-01
2.585808038711547852e-01
2.914876937866210938e-01
2.439770698547363281e-01
4.384481906890869141e-01
3.054138123989105225e-01
3.247536420822143555e-01
2.481440007686614990e-01
3.216814398765563965e-01
2.782114446163177490e-01
2.543721199035644531e-01
3.733858466148376465e-01
2.876299917697906494e-01
2.982217073440551758e-01
2.989981174468994141e-01
3.100737333297729492e-01
2.302058339118957520e-01
1.709549129009246826e-01
3.477047681808471680e-01
2.539392411708831787e-01
3.599890172481536865e-01
2.888482213020324707e-01
2.245647013187408447e-01
2.897129058837890625e-01
2.193861901760101318e-01
2.339711189270019531e-01
2.230402976274490356e-01
3.283439576625823975e-01
2.809324562549591064e-01
1.357882469892501831e-01
3.218899667263031006e-01
3.006750345230102539e-01
2.697943449020385742e-01
1.763918846845626831e-01
2.104108780622482300e-01
1.750518083572387695e-01
1.756943464279174805e-01
3.104490041732788086e-01
1.483324766159057617e-01
2.184510380029678345e-01
1.463542878627777100e-01
1.989620774984359741e-01
2.725446224212646484e-01
1.975463926792144775e-01
2.836776673793792725e-01
2.130714952945709229e-01
2.076087146997451782e-01
3.409071266651153564e-01
2.245753854513168335e-01
2.500252425670623779e-01
2.371627092361450195e-01
2.187539935111999512e-01
2.285938411951065063e-01
1.067348420619964600e-01
1.895156353712081909e-01
1.276426166296005249e-01
2.996192872524261475e-01
2.403829246759414673e-01
1.885366439819335938e-01
1.920127272605895996e-01
2.504646778106689453e-01
1.831400692462921143e-01
2.779444754123687744e-01
2.092532217502593994e-01
1.762783229351043701e-01
2.879072427749633789e-01
1.845076978206634521e-01
2.787350714206695557e-01
1.616064012050628662e-01
2.629297971725463867e-01
2.573379576206207275e-01
2.851083278656005859e-01
1.566367298364639282e-01
2.614651024341583252e-01
3.080824315547943115e-01
2.333014160394668579e-01
2.152058780193328857e-01
2.296352237462997437e-01
2.122467458248138428e-01
1.205104291439056396e-01
2.006337791681289673e-01
2.539779543876647949e-01
1.966434717178344727e-01
1.023263856768608093e-01
2.938634157180786133e-01
2.171630710363388062e-01
1.541944891214370728e-01
2.016445994377136230e-01
1.698269695043563843e-01
1.356066167354583740e-01
1.686216741800308228e-01
1.170749291777610779e-01
2.033329010009765625e-01
1.915339976549148560e-01
1.704123914241790771e-01
2.004901319742202759e-01
2.745297551155090332e-01
1.963207870721817017e-01
2.240740954875946045e-01
1.683823913335800171e-01
1.533108651638031006e-01
1.784455925226211548e-01
8.090030401945114136e-02
1.110490784049034119e-01
1.959384381771087646e-01
1.645325422286987305e-01
8.720698207616806030e-02
1.812330782413482666e-01
1.697406917810440063e-01
2.094128578901290894e-01
1.752008497714996338e-01
9.663057327270507812e-02
2.602721452713012695e-01
1.106372326612472534e-01
1.407609581947326660e-01
6.045503169298171997e-02
2.561449110507965088e-01
1.756124943494796753e-01
1.142061725258827209e-01
2.417842298746109009e-01
2.140016108751296997e-01
1.738321334123611450e-01
1.464553028345108032e-01
7.265724986791610718e-02
1.690706461668014526e-01
2.487268000841140747e-01
6.362028419971466064e-02
1.694135665893554688e-01
1.208295896649360657e-01
3.122451603412628174e-01
1.333119571208953857e-01
2.092171162366867065e-01
2.206991165876388550e-01
1.651141196489334106e-01
1.348265409469604492e-01
1.514085531234741211e-01
1.608593016862869263e-01
1.142847314476966858e-01
9.747193008661270142e-02
2.038739323616027832e-01
1.155263632535934448e-01
8.624035120010375977e-02
