1.011835759602799811e+01
4.838719311961494185e+01
1.079293867151333153e+01
2.519482160042112895e+00
2.436261110911432048e+00
2.141433069469653727e+00
2.024691746822342875e+00
2.004283140087460335e+00
1.897935814954587963e+00
1.691864568316638895e+00
1.658845382349080744e+00
1.502975790321005478e+00
1.445626597135186930e+00
1.347212542938738489e+00
1.177544775161849966e+00
1.232681697939967069e+00
8.880411651917970994e-01
7.402769085061230436e-01
7.201432223923655007e-01
7.897734232885895711e-01
5.469844354982952295e-01
7.256044918107339425e-01
6.486808576664861992e-01
7.338152697127752200e-01
5.076552993685349291e-01
6.992525753048753900e-01
7.199538871315863675e-01
8.412757288261621946e-01
6.084814033533229027e-01
5.713605689156964207e-01
4.757076673911222464e-01
4.759995637056943507e-01
5.130143839877971956e-01
4.005844614790493585e-01
3.429806848455249635e-01
4.717680346578799200e-01
4.391025770449265564e-01
3.906566203614298960e-01
3.016243080904217888e-01
2.891149517262217028e-01
3.818047597279672356e-01
3.257578403657966915e-01
3.120917320658387895e-01
3.535686679977302349e-01
3.667250602930983705e-01
4.096643661354586463e-01
2.150790599217554389e-01
6.313760944762976113e-01
4.228105915277458604e-01
3.048650156476189199e-01
2.002446528559106986e-01
2.751512615258144279e-01
2.969416825335071675e-01
3.416997169534403134e-01
2.592519714943068987e-01
2.530157315682277086e-01
2.853015797551754495e-01
1.626387496904476981e-01
3.262601273885013531e-01
2.793081557228866418e-01
2.152611172429438890e-01
1.750779935050083280e-01
3.517454099312527505e-01
3.419084330881443368e-01
2.844111979677698132e-01
2.610806223023284800e-01
3.112949328862142373e-01
2.629517711040538219e-01
5.102187831339100033e-01
3.060851862297206960e-01
2.069705023831095447e-01
2.485490039633918291e-01
1.931484543459026648e-01
3.138136207680680134e-01
3.772784385232954008e-01
1.995313942695286502e-01
2.596277883932291419e-01
1.612481853218564742e-01
2.670161225053286902e-01
2.119159102241222892e-01
1.888298992191936032e-01
2.720181108680254090e-01
1.562145366308917427e-01
3.300660837700395422e-01
2.088675439054449856e-01
2.128155035961873665e-01
2.494760332240641143e-01
1.971150312305285368e-01
1.880872006858444190e-01
1.887880825399964324e-01
2.827456611876545955e-01
1.965883960454788970e-01
2.538577010181931604e-01
1.932071603309851726e-01
2.127186531489459465e-01
3.002836454024322976e-01
4.912629687295826941e-01
2.872680513270017277e-01
2.853371716671656011e-01
1.658337762492694267e-01
1.825781396715836224e-01
1.247714501189455122e-01
1.986172214210221720e-01
1.462611962713914471e-01
2.703219454369689134e-01
4.951327027653312229e-01
2.583591016758511327e-01
1.188600130018775541e-01
2.747284460349359025e-01
2.334064524697936627e-01
1.420812045976160842e-01
1.142821588075999956e-01
8.844784546706302431e-02
1.509079010867282744e-01
2.189440280820688367e-01
1.200851330920131577e-01
1.389719700964289206e-01
3.173554023937219526e-01
2.147605026035024067e-01
1.377772570756538861e-01
1.686948642752045258e-01
2.773129786705973432e-01
2.529800804269497494e-01
1.779744725724462795e-01
2.499362534844773720e-01
1.407015278590328100e-01
1.571083361262937406e-01
2.971110224979794379e-01
3.066553993790927524e-01
1.238882643248451210e-01
2.139661217829766648e-01
2.113538429545036568e-01
1.907062949660234819e-01
2.753218654978438762e-01
1.758148452030450781e-01
2.065413460108439514e-01
1.761876730428546534e-01
2.113617193052642063e-01
1.806677973239888546e-01
1.300488440217540953e-01
1.641977979986514180e-01
1.881516171962516748e-01
1.776235624837432525e-01
2.781531644438633433e-01
1.391930968703858351e-01
2.738852340481194303e-01
2.053522202712683431e-01
1.884485428129618334e-01
4.374707311047600355e-01
8.880791369734118701e-02
2.181301967436589107e-01
1.601996053178773860e-01
2.431093281573360187e-01
2.181604490956759457e-01
3.053138880332976757e-01
1.246597480006669534e-01
1.205004243899737842e-01
2.274625352266127498e-01
2.149142644098183674e-01
1.558272229413893706e-01
2.285232676255210260e-01
2.115956249948101608e-01
2.418367971743010381e-01
1.758721697101726655e-01
1.928776689331537786e-01
1.652746943891345022e-01
9.472746744991128454e-02
9.471539633089086363e-02
1.460471901766129676e-01
1.832292869896273713e-01
1.685263095025388291e-01
1.615586833040934533e-01
1.989764056729070862e-01
8.550765793526171610e-02
9.909198771770041936e-02
1.219389393752141199e-01
1.892889934398848673e-01
1.623761164790588074e-01
1.273783657971554462e-01
1.692970868592323097e-01
1.220174213782074107e-01
1.752976448381708130e-01
1.171659370295098923e-01
1.025201212552737384e-01
6.978413341961363370e-02
1.649643377533152877e-01
3.443810810667657929e-02
1.327272369782979689e-01
1.744118134520712959e-01
5.118961802336454564e-02
2.073556069548428971e-01
1.857843476910151226e-01
1.641458592199233346e-01
7.073172767743220180e-02
1.214475296511321328e-01
1.921115762746991862e-01
1.374549063873148624e-01
1.550022835842449764e-01
2.633900165434932550e-01
1.614199247773642210e-01
