1.899999976158142090e-01
1.299999952316284180e-01
2.300000041723251343e-01
3.899999856948852539e-01
3.600000143051147461e-01
5.099999904632568359e-01
4.900000095367431641e-01
5.000000000000000000e-01
4.699999988079071045e-01
5.400000214576721191e-01
5.500000119209289551e-01
6.000000238418579102e-01
6.299999952316284180e-01
7.300000190734863281e-01
6.700000166893005371e-01
6.899999976158142090e-01
7.900000214576721191e-01
6.600000262260437012e-01
7.799999713897705078e-01
8.100000023841857910e-01
6.399999856948852539e-01
7.400000095367431641e-01
7.400000095367431641e-01
8.500000238418579102e-01
8.500000238418579102e-01
8.199999928474426270e-01
7.200000286102294922e-01
8.399999737739562988e-01
8.299999833106994629e-01
7.799999713897705078e-01
8.500000238418579102e-01
8.199999928474426270e-01
7.799999713897705078e-01
8.899999856948852539e-01
8.799999952316284180e-01
7.500000000000000000e-01
7.699999809265136719e-01
9.100000262260437012e-01
8.999999761581420898e-01
8.100000023841857910e-01
8.899999856948852539e-01
8.299999833106994629e-01
9.200000166893005371e-01
8.100000023841857910e-01
8.600000143051147461e-01
8.799999952316284180e-01
8.899999856948852539e-01
8.999999761581420898e-01
8.799999952316284180e-01
8.700000047683715820e-01
9.499999880790710449e-01
9.499999880790710449e-01
8.799999952316284180e-01
8.999999761581420898e-01
8.999999761581420898e-01
8.899999856948852539e-01
8.999999761581420898e-01
9.300000071525573730e-01
9.700000286102294922e-01
9.300000071525573730e-01
9.100000262260437012e-01
9.300000071525573730e-01
8.799999952316284180e-01
9.100000262260437012e-01
8.999999761581420898e-01
9.399999976158142090e-01
9.300000071525573730e-01
8.999999761581420898e-01
9.200000166893005371e-01
8.500000238418579102e-01
8.999999761581420898e-01
8.899999856948852539e-01
8.999999761581420898e-01
9.300000071525573730e-01
9.200000166893005371e-01
9.399999976158142090e-01
8.700000047683715820e-01
9.399999976158142090e-01
8.899999856948852539e-01
9.200000166893005371e-01
9.499999880790710449e-01
9.300000071525573730e-01
9.300000071525573730e-01
9.499999880790710449e-01
9.300000071525573730e-01
8.999999761581420898e-01
8.999999761581420898e-01
9.700000286102294922e-01
8.799999952316284180e-01
8.999999761581420898e-01
9.300000071525573730e-01
9.700000286102294922e-01
9.499999880790710449e-01
9.800000190734863281e-01
9.499999880790710449e-01
8.899999856948852539e-01
9.599999785423278809e-01
9.399999976158142090e-01
9.700000286102294922e-01
9.200000166893005371e-01
9.100000262260437012e-01
9.499999880790710449e-01
8.999999761581420898e-01
9.399999976158142090e-01
9.599999785423278809e-01
8.899999856948852539e-01
9.499999880790710449e-01
8.999999761581420898e-01
9.399999976158142090e-01
9.200000166893005371e-01
9.499999880790710449e-01
9.900000095367431641e-01
9.300000071525573730e-01
9.900000095367431641e-01
9.399999976158142090e-01
9.300000071525573730e-01
9.300000071525573730e-01
9.499999880790710449e-01
9.300000071525573730e-01
9.499999880790710449e-01
9.100000262260437012e-01
9.200000166893005371e-01
9.300000071525573730e-01
9.100000262260437012e-01
9.599999785423278809e-01
9.300000071525573730e-01
9.800000190734863281e-01
9.300000071525573730e-01
9.100000262260437012e-01
9.399999976158142090e-01
9.599999785423278809e-01
8.999999761581420898e-01
8.799999952316284180e-01
9.499999880790710449e-01
9.300000071525573730e-01
9.200000166893005371e-01
9.399999976158142090e-01
9.900000095367431641e-01
9.399999976158142090e-01
9.100000262260437012e-01
9.499999880790710449e-01
9.800000190734863281e-01
9.200000166893005371e-01
9.499999880790710449e-01
9.599999785423278809e-01
9.300000071525573730e-01
9.399999976158142090e-01
9.700000286102294922e-01
9.700000286102294922e-01
1.000000000000000000e+00
9.599999785423278809e-01
9.399999976158142090e-01
9.700000286102294922e-01
9.499999880790710449e-01
9.300000071525573730e-01
9.499999880790710449e-01
9.399999976158142090e-01
9.700000286102294922e-01
9.499999880790710449e-01
9.499999880790710449e-01
9.800000190734863281e-01
9.700000286102294922e-01
9.300000071525573730e-01
9.499999880790710449e-01
9.900000095367431641e-01
9.499999880790710449e-01
9.599999785423278809e-01
9.100000262260437012e-01
9.399999976158142090e-01
9.900000095367431641e-01
9.200000166893005371e-01
9.700000286102294922e-01
9.700000286102294922e-01
1.000000000000000000e+00
8.899999856948852539e-01
9.800000190734863281e-01
9.800000190734863281e-01
8.999999761581420898e-01
9.499999880790710449e-01
9.599999785423278809e-01
9.700000286102294922e-01
1.000000000000000000e+00
9.499999880790710449e-01
9.200000166893005371e-01
1.000000000000000000e+00
9.599999785423278809e-01
9.700000286102294922e-01
9.399999976158142090e-01
9.399999976158142090e-01
9.599999785423278809e-01
9.599999785423278809e-01
9.599999785423278809e-01
9.599999785423278809e-01
9.499999880790710449e-01
9.300000071525573730e-01
9.800000190734863281e-01
9.599999785423278809e-01
9.399999976158142090e-01
9.800000190734863281e-01
9.900000095367431641e-01
